Ответ 25_1:
3 58153
7 24923
59 2957
13 13421
149 1171
5 34897
211 827
2 87251

Ответ 25_2:
17 289 4913
19 361 6859

Ответ 25_3:
51343 154029
77017 154034
4969 154039
51347 154041

Ответ 25_4:
1 17 289 349 5933 100861
1 2 4 25219 50438 100876
1 2 4 25229 50458 100916
1 3 9 11213 33639 100917

Ответ 25_5:
1 194481 25 441
2 195364 27 442
3 196249 3 443

Ответ 25_5_1:
3    58153
7    24923
59   2957
13   13421
149  1171
5    34897
211  827
2    87251

Ответ 25_5_2:
1 3 67153 201459
1 13 15497 201461
1 29 6947 201463
1 2 100733 201466

Ответ 25_6:
150016 150745
150024 310775
150048 277469
150108 250403
150139 13660
150144 290495
150146 81273

Ответ 25_7:
250212 125108
250458 125231
250593 83534
250621 35810
250704 125354

Ответ 25_8:
550032 28285
550040 49117
550046 28905
550050 19419
550066 35725

Ответ 25_9:
782217 37
166617 33
2880117 93
74874717 111
725517 53
265346217 353

Ответ 25_10:
190226 838
190234 17294
190238 2606
190252 95126
190258 758

Ответ 25_11:
1204328 948760
1204354 27530
1204356 1204380
1204360 1324880
1204366 4850
1204370 291070
1204378 172070

Ответ 25_12:
500002 178
500004 18
500016 48
500018 58
500020 4348

Ответ 25_13:
300051 100017
300075 60015
300156 150078
300159 100053

Ответ 25_14:
550014 275007
550017 1567
550032 34377
550035 110007
550037 9017

Ответ 25_15:
405405 135135
530145 176715
592515 197505
626535 208845

Ответ 25_16:
6080069
6080131
6080141
6080147
6080149
6080153
6080161

Ответ 25_17:
30030 13
39270 17
43890 19
46410 17

Ответ 25_18:
499996 2560
499995 320
499994 22740
499989 860
499981 13550
499971 166660
499959 18520

Ответ 25_19:
7   17957
337 373
2   62851
3   41903
7   17959

Ответ 25_20:
6638227
6638231
6638249
6638251
6638263
6638273
6638299
6638321

Ответ 25_21:
1 2422027
2 2422033
3 2422037
4 2422073

Ответ 25_22:
2053440
2098080
2328480
2638944

Ответ 25_23:
600001 437
600002 47
600003 1227
600005 217
600012 16667

Ответ 25_24:
500002 178
500004 18
500016 48
500018 58
500020 4348

Ответ 25_25:
700005 233338
700007 100008
700012 350008
700015 140008
700031 24168

Ответ 25_26:
1728
21632
1260
1152
4127787

Ответ 25_27:
41818182
261959
5
271
57500001

Ответ 25_28:
2 4 55102 110204
2 14 15746 110222
2 6 36742 110226
2 22 10022 110242

Ответ 25_29:
452025 150678
452029 23810
452034 226019
452048 226026
452062 226033

Ответ 25_30:
1895421
1295437121
1395498421
1795441321

Ответ 25_31:
1349341
1249338041
1549348941
1849359841

Ответ 25_32:
162139404 80148
1321399324 653188
1421396214 702618
1521393104 752048

Ответ 25_33:
123450798 5367426
123451718 5367466
123453788 5367556
123454708 5367596
123456778 5367686
123459768 5367816

Ответ 25_34:
123450668 7261804
123451688 7261864
123456618 7262154
123457638 7262214
123458658 7262274
123459678 7262334
Ответ 25_35:
1234737 8757
12341307 87527
12342717 87537
12344127 87547
12345537 87557
12346947 87567
12348357 87577
12349767 87587

Ответ 25_36:
12325677 72933
12385672 73288
123165679 728791
123225674 729146
123515678 730862
123575673 731217
123865677 732933
123925672 733288

Ответ 25_37:
122145 2395
122451 2401
124542 2442
124593 2443
127245 2495

Ответ 25_38:
69750 129792
69752 122080
69756 139536
69758 75152
609750 1103232
609752 1291248
609754 630840

Ответ 25_39:
9995597 18
9996557 12
9997557 12
9998557 17
9999557 0

Ответ 25_40:
56616 162240
66696 191040
161616 527744
166656 523264
266616 862680
360696 1094400
366576 1083264

Ответ 25_41:
1484714 958464
1484931 2336768
1494045 3345408
1494262 964608
1494479 1806336
1494696 306432
1494913 1785088

Ответ 25_41:
700024 13
700050 12
700076 20
700089 24
700206 15
